100
2 1 2
3 2 2
1 100000 1
1 100000 2
100000 100000 100000
99999 99979 99971
99983 99989 99989
98765 100000 99979
98761 100000 99991
96762 100000 99991
53590 31714 50696
40422 65761 79700
14098 67746 78800
68540 83415 79862
18488 89355 28850
89406 55469 85044
7568 80971 42158
98330 87017 43934
13659 94431 95493
90652 95345 52786
89366 98461 40748
31786 94870 44790
62406 98916 690
26396 87211 45710
43282 99983 45132
72286 93026 29234
59486 96077 49526
87394 99493 27804
99552 92508 7414
22225 99364 10423
91754 98655 81256
24904 96427 58174
95236 94055 93382
34420 92532 75084
80242 98834 74196
36158 97005 5030
86499 95541 29659
18078 94627 80542
73725 97741 4713
94152 99047 58269
8510 96541 55282
67323 97993 74496
74397 98595 57822
1670 97707 98690
67394 98072 16552
39720 97364 41217
99337 98371 26845
8974 91361 10661
22629 99045 83121
48598 96316 92006
49150 93754 58765
8778 98379 49424
450 98033 72278
56109 99701 48438
85350 99088 21318
76956 97763 54260
55518 98204 44772
42045 95190 38877
91482 97574 39002
17700 96126 75082
53422 94260 82552
9914 99990 14502
94680 99509 13239
19724 95006 44176
55495 98711 53100
73020 99571 1128
58418 97685 52232
89524 99480 59948
72592 95697 55128
29346 99825 77079
23972 97605 75338
97107 99899 89658
27063 97858 86469
18682 99950 13206
70678 99265 84524
20870 96976 84748
87286 98326 12624
19668 98332 32404
9744 98513 56954
51267 99788 26022
96340 58827 24085
94612 7554 47306
95406 43655 15901
98428 23586 49214
91055 87103 18211
98952 11398 24738
97110 99035 7470
93824 2007 23456
97267 85247 4229
74420 32994 37210
63960 95461 63960
26278 53956 26278
28989 91237 86967
80906 59987 34674
89287 99353 32468
84651 17709 87570
65682 87656 76629
16674 4035 50022
42502 98848 42502
16947 13232 16947
