100
2 1 2
3 2 2
1 10 1
1 10 2
10 10 6
8 1 2
9 10 3
10 7 2
6 8 4
4 10 1
6 7 1
2 8 4
10 10 8
5 10 1
2 10 10
7 8 7
6 10 1
4 10 8
6 10 1
10 8 8
3 9 9
4 10 6
3 10 3
2 10 4
6 9 10
8 10 6
10 9 5
2 10 4
5 10 10
10 10 1
4 10 2
4 10 4
6 10 8
4 10 10
9 10 1
4 10 2
10 10 6
9 10 6
8 10 8
5 10 10
10 10 2
5 9 10
3 10 9
8 10 4
3 10 6
7 10 7
1 10 1
8 10 8
6 10 4
10 10 10
8 10 1
4 10 10
6 10 3
4 10 1
8 10 1
9 10 3
8 10 10
9 10 3
6 10 2
2 10 2
2 10 1
3 10 3
4 10 1
3 10 6
1 10 1
3 10 3
6 10 4
8 10 10
8 10 2
9 10 6
4 10 4
2 10 4
6 10 9
8 10 2
6 10 4
10 4 2
8 2 4
9 9 3
10 1 2
9 9 3
9 1 3
10 8 5
8 1 4
9 9 3
9 1 3
4 2 4
6 5 2
10 10 2
8 2 4
4 9 6
5 3 4
4 10 1
6 1 9
5 10 4
2 2 4
8 10 6
7 1 10
3 10 8
3 1 3
1 10 4
